Device Id	Operator	Recipe
14	Unknown	ShaoZP.IV

Sample Area	Irradiance	Pre sweep delay	Bias Direction	Max Reverse Bias	Max Forward Bias	Num Sweep Points	Dwell Time	Current Limit	PVIV 10A I-AMP	Average	Dark Current	Rshunt V-Lo	Rshunt V-Hi
0.090000	1.0000	1.0000	1	1.2000	-0.2000	100	10	300	0	0	0	-0.6000	-0.1000

Voc V	Isc A	Jsc mA/cm2	Imax A	Vmax V	Pmax mW	Fill Factor	Efficiency	R at Voc	R at Isc	Power W	RShunt ohms	Cell Temp start	Cell Temp end	Exposure	Time	Date
1.08846079	0.00210629	23.40323063	0.00192854	0.90826580	1.75162802	76.4031	19.4625	46.430210	32037.219	0.00212500	NaN	NaN	NaN	9.984	20:10:27	01/31/2021

Vmeas	Imeas
1.20000000	-0.00292511
1.18585000	-0.00252021
1.17170000	-0.00211077
1.15760000	-0.00171975
1.14345000	-0.00133808
1.12930000	-0.00097065
1.11515000	-0.00061222
1.10100000	-0.00027326
1.08685000	0.00004131
1.07275000	0.00033495
1.05860000	0.00061918
1.04445000	0.00087156
1.03030000	0.00106820
1.01615000	0.00127217
1.00200000	0.00143323
0.98790000	0.00156376
0.97375000	0.00167075
0.95960000	0.00175250
0.94545000	0.00181820
0.93130000	0.00186864
0.91715000	0.00190839
0.90305000	0.00193978
0.88890000	0.00196535
0.87475000	0.00198473
0.86060000	0.00200002
0.84645000	0.00201322
0.83230000	0.00202689
0.81820000	0.00203925
0.80405000	0.00204760
0.78990000	0.00205562
0.77575000	0.00206132
0.76160000	0.00206242
0.74745000	0.00206498
0.73335000	0.00206831
0.71920000	0.00206738
0.70505000	0.00207132
0.69090000	0.00207101
0.67675000	0.00207368
0.66265000	0.00209085
0.64850000	0.00209823
0.63435000	0.00210359
0.62020000	0.00210174
0.60605000	0.00210194
0.59190000	0.00210331
0.57780000	0.00210106
0.56365000	0.00210049
0.54950000	0.00209977
0.53535000	0.00209899
0.52120000	0.00209883
0.50705000	0.00210208
0.49295000	0.00210232
0.47880000	0.00210196
0.46465000	0.00210048
0.45050000	0.00209994
0.43635000	0.00210012
0.42220000	0.00209982
0.40810000	0.00210146
0.39395000	0.00210113
0.37980000	0.00209956
0.36565000	0.00209805
0.35150000	0.00209499
0.33735000	0.00209524
0.32325000	0.00209741
0.30910000	0.00209928
0.29495000	0.00209910
0.28080000	0.00209884
0.26665000	0.00209927
0.25250000	0.00209792
0.23840000	0.00209733
0.22425000	0.00209739
0.21010000	0.00209850
0.19595000	0.00209708
0.18180000	0.00209797
0.16770000	0.00209897
0.15355000	0.00210019
0.13940000	0.00210033
0.12525000	0.00210031
0.11110000	0.00210195
0.09695000	0.00210290
0.08285000	0.00210245
0.06870000	0.00210261
0.05455000	0.00210125
0.04040000	0.00210273
0.02625000	0.00210349
0.01210000	0.00210300
-0.00200000	0.00210959
-0.01615000	0.00211565
-0.03030000	0.00211462
-0.04445000	0.00211469
-0.05860000	0.00211294
-0.07275000	0.00211303
-0.08685000	0.00211365
-0.10100000	0.00211056
-0.11515000	0.00211222
-0.12930000	0.00211049
-0.14345000	0.00210909
-0.15760000	0.00210867
-0.17170000	0.00210703
-0.18585000	0.00210625
-0.20000000	0.00210723
