Device Id	Operator	Recipe
15	Unknown	ShaoZP.IV

Sample Area	Irradiance	Pre sweep delay	Bias Direction	Max Reverse Bias	Max Forward Bias	Num Sweep Points	Dwell Time	Current Limit	PVIV 10A I-AMP	Average	Dark Current	Rshunt V-Lo	Rshunt V-Hi
0.090000	1.0000	1.0000	1	1.2000	-0.2000	100	10	300	0	0	0	-0.6000	-0.1000

Voc V	Isc A	Jsc mA/cm2	Imax A	Vmax V	Pmax mW	Fill Factor	Efficiency	R at Voc	R at Isc	Power W	RShunt ohms	Cell Temp start	Cell Temp end	Exposure	Time	Date
1.08296584	0.00217303	24.14476438	0.00200405	0.90454530	1.81275261	77.0297	20.1417	42.441109	17087.541	0.00219743	NaN	NaN	NaN	9.937	20:11:03	01/31/2021

Vmeas	Imeas
1.20000000	-0.00346311
1.18585000	-0.00299297
1.17170000	-0.00253052
1.15760000	-0.00208058
1.14345000	-0.00164127
1.12930000	-0.00122244
1.11515000	-0.00082875
1.10100000	-0.00044341
1.08685000	-0.00009152
1.07275000	0.00024071
1.05860000	0.00055164
1.04445000	0.00082433
1.03030000	0.00104082
1.01615000	0.00126118
1.00200000	0.00144181
0.98790000	0.00158767
0.97375000	0.00170742
0.95960000	0.00180327
0.94545000	0.00187599
0.93130000	0.00192931
0.91715000	0.00197091
0.90305000	0.00200903
0.88890000	0.00203541
0.87475000	0.00205910
0.86060000	0.00207468
0.84645000	0.00209190
0.83230000	0.00210887
0.81820000	0.00211629
0.80405000	0.00212433
0.78990000	0.00213391
0.77575000	0.00213596
0.76160000	0.00214213
0.74745000	0.00214378
0.73335000	0.00215226
0.71920000	0.00215567
0.70505000	0.00215598
0.69090000	0.00216128
0.67675000	0.00216335
0.66265000	0.00216347
0.64850000	0.00216377
0.63435000	0.00216061
0.62020000	0.00214394
0.60605000	0.00215436
0.59190000	0.00215984
0.57780000	0.00216551
0.56365000	0.00217201
0.54950000	0.00217977
0.53535000	0.00218666
0.52120000	0.00219038
0.50705000	0.00219132
0.49295000	0.00218846
0.47880000	0.00218152
0.46465000	0.00217910
0.45050000	0.00217561
0.43635000	0.00217267
0.42220000	0.00217138
0.40810000	0.00217194
0.39395000	0.00217009
0.37980000	0.00217640
0.36565000	0.00218222
0.35150000	0.00218732
0.33735000	0.00219402
0.32325000	0.00220012
0.30910000	0.00219460
0.29495000	0.00219005
0.28080000	0.00218456
0.26665000	0.00218749
0.25250000	0.00218788
0.23840000	0.00218163
0.22425000	0.00218129
0.21010000	0.00218161
0.19595000	0.00218820
0.18180000	0.00218924
0.16770000	0.00219445
0.15355000	0.00219745
0.13940000	0.00219210
0.12525000	0.00218899
0.11110000	0.00218921
0.09695000	0.00218107
0.08285000	0.00217516
0.06870000	0.00217470
0.05455000	0.00217514
0.04040000	0.00217488
0.02625000	0.00217870
0.01210000	0.00217939
-0.00200000	0.00216506
-0.01615000	0.00214804
-0.03030000	0.00213462
-0.04445000	0.00213485
-0.05860000	0.00213844
-0.07275000	0.00215175
-0.08685000	0.00216736
-0.10100000	0.00216597
-0.11515000	0.00217039
-0.12930000	0.00217193
-0.14345000	0.00219076
-0.15760000	0.00217831
-0.17170000	0.00217270
-0.18585000	0.00218228
-0.20000000	0.00217175
