Device Id	Operator	Recipe
16	Unknown	ShaoZP.IV

Sample Area	Irradiance	Pre sweep delay	Bias Direction	Max Reverse Bias	Max Forward Bias	Num Sweep Points	Dwell Time	Current Limit	PVIV 10A I-AMP	Average	Dark Current	Rshunt V-Lo	Rshunt V-Hi
0.090000	1.0000	1.0000	1	1.2000	-0.2000	100	10	300	0	0	0	-0.6000	-0.1000

Voc V	Isc A	Jsc mA/cm2	Imax A	Vmax V	Pmax mW	Fill Factor	Efficiency	R at Voc	R at Isc	Power W	RShunt ohms	Cell Temp start	Cell Temp end	Exposure	Time	Date
1.08068776	0.00219165	24.35162174	0.00199972	0.90348691	1.80672163	76.2817	20.0747	43.993719	31340.835	0.00218983	NaN	NaN	NaN	9.703	20:11:27	031/31/2021

Vmeas	Imeas
1.20000000	-0.00328028
1.18585000	-0.00285626
1.17170000	-0.00243533
1.15760000	-0.00202257
1.14345000	-0.00161821
1.12930000	-0.00122556
1.11515000	-0.00085062
1.10100000	-0.00048584
1.08685000	-0.00014007
1.07275000	0.00018043
1.05860000	0.00048196
1.04445000	0.00075316
1.03030000	0.00099414
1.01615000	0.00118936
1.00200000	0.00137855
0.98790000	0.00153959
0.97375000	0.00167396
0.95960000	0.00177769
0.94545000	0.00185862
0.93130000	0.00191850
0.91715000	0.00196575
0.90305000	0.00200066
0.88890000	0.00202937
0.87475000	0.00205099
0.86060000	0.00206431
0.84645000	0.00208129
0.83230000	0.00210004
0.81820000	0.00211038
0.80405000	0.00211660
0.78990000	0.00212512
0.77575000	0.00213182
0.76160000	0.00214180
0.74745000	0.00214323
0.73335000	0.00214496
0.71920000	0.00215076
0.70505000	0.00215132
0.69090000	0.00215222
0.67675000	0.00215625
0.66265000	0.00215931
0.64850000	0.00216257
0.63435000	0.00216578
0.62020000	0.00215902
0.60605000	0.00215716
0.59190000	0.00216178
0.57780000	0.00216152
0.56365000	0.00215124
0.54950000	0.00215005
0.53535000	0.00215459
0.52120000	0.00215655
0.50705000	0.00215961
0.49295000	0.00216471
0.47880000	0.00216642
0.46465000	0.00217129
0.45050000	0.00217361
0.43635000	0.00217472
0.42220000	0.00217250
0.40810000	0.00217298
0.39395000	0.00217651
0.37980000	0.00218325
0.36565000	0.00218815
0.35150000	0.00219401
0.33735000	0.00219772
0.32325000	0.00220253
0.30910000	0.00220667
0.29495000	0.00220536
0.28080000	0.00220301
0.26665000	0.00219991
0.25250000	0.00219908
0.23840000	0.00219879
0.22425000	0.00219999
0.21010000	0.00220166
0.19595000	0.00221210
0.18180000	0.00221019
0.16770000	0.00220851
0.15355000	0.00219923
0.13940000	0.00219097
0.12525000	0.00218554
0.11110000	0.00218486
0.09695000	0.00217985
0.08285000	0.00218002
0.06870000	0.00217932
0.05455000	0.00218102
0.04040000	0.00218924
0.02625000	0.00219458
0.01210000	0.00219694
-0.00200000	0.00219525
-0.01615000	0.00219164
-0.03030000	0.00218930
-0.04445000	0.00218659
-0.05860000	0.00218491
-0.07275000	0.00218721
-0.08685000	0.00218782
-0.10100000	0.00219219
-0.11515000	0.00219061
-0.12930000	0.00218821
-0.14345000	0.00218759
-0.15760000	0.00218907
-0.17170000	0.00219105
-0.18585000	0.00219356
-0.20000000	0.00219288
