Device Id	Operator	Recipe
22	Unknown	ShaoZP.IV

Sample Area	Irradiance	Pre sweep delay	Bias Direction	Max Reverse Bias	Max Forward Bias	Num Sweep Points	Dwell Time	Current Limit	PVIV 10A I-AMP	Average	Dark Current	Rshunt V-Lo	Rshunt V-Hi
0.090000	1.0000	1.0000	1	1.2000	-0.2000	100	10	300	0	0	0	-0.6000	-0.1000

Voc V	Isc A	Jsc mA/cm2	Imax A	Vmax V	Pmax mW	Fill Factor	Efficiency	R at Voc	R at Isc	Power W	RShunt ohms	Cell Temp start	Cell Temp end	Exposure	Time	Date
1.08099042	0.00209714	23.30157251	0.00187505	0.86206862	1.61642244	71.3026	17.9602	57.880514	512229.327	0.00205376	NaN	NaN	NaN	9.922	19:29:49	01/30/2021

Vmeas	Imeas
1.20000000	-0.00234932
1.18585000	-0.00206062
1.17170000	-0.00176973
1.15760000	-0.00147570
1.14345000	-0.00118590
1.12930000	-0.00090019
1.11515000	-0.00062054
1.10100000	-0.00035093
1.08685000	-0.00009550
1.07275000	0.00014703
1.05860000	0.00038167
1.04445000	0.00059762
1.03030000	0.00079584
1.01615000	0.00097300
1.00200000	0.00112047
0.98790000	0.00126145
0.97375000	0.00138299
0.95960000	0.00148505
0.94545000	0.00157297
0.93130000	0.00164638
0.91715000	0.00170905
0.90305000	0.00175807
0.88890000	0.00180218
0.87475000	0.00184501
0.86060000	0.00187969
0.84645000	0.00190866
0.83230000	0.00193230
0.81820000	0.00194862
0.80405000	0.00196571
0.78990000	0.00198032
0.77575000	0.00199263
0.76160000	0.00200506
0.74745000	0.00201375
0.73335000	0.00202389
0.71920000	0.00203192
0.70505000	0.00203799
0.69090000	0.00204418
0.67675000	0.00204795
0.66265000	0.00205322
0.64850000	0.00205845
0.63435000	0.00206237
0.62020000	0.00206701
0.60605000	0.00206959
0.59190000	0.00207225
0.57780000	0.00207448
0.56365000	0.00207879
0.54950000	0.00207922
0.53535000	0.00208068
0.52120000	0.00208519
0.50705000	0.00208750
0.49295000	0.00209289
0.47880000	0.00209585
0.46465000	0.00209602
0.45050000	0.00209718
0.43635000	0.00209656
0.42220000	0.00209513
0.40810000	0.00209597
0.39395000	0.00209341
0.37980000	0.00209206
0.36565000	0.00209206
0.35150000	0.00209227
0.33735000	0.00209195
0.32325000	0.00209326
0.30910000	0.00209486
0.29495000	0.00209957
0.28080000	0.00209981
0.26665000	0.00209842
0.25250000	0.00209731
0.23840000	0.00209559
0.22425000	0.00209735
0.21010000	0.00209697
0.19595000	0.00209722
0.18180000	0.00209780
0.16770000	0.00209772
0.15355000	0.00209610
0.13940000	0.00209490
0.12525000	0.00209566
0.11110000	0.00209462
0.09695000	0.00209463
0.08285000	0.00209427
0.06870000	0.00209494
0.05455000	0.00209446
0.04040000	0.00209581
0.02625000	0.00209668
0.01210000	0.00209921
-0.00200000	0.00209913
-0.01615000	0.00209940
-0.03030000	0.00209985
-0.04445000	0.00209937
-0.05860000	0.00209883
-0.07275000	0.00209974
-0.08685000	0.00209948
-0.10100000	0.00209930
-0.11515000	0.00209654
-0.12930000	0.00209553
-0.14345000	0.00209689
-0.15760000	0.00209679
-0.17170000	0.00209645
-0.18585000	0.00209666
-0.20000000	0.00209570
