Device Id	Operator	Recipe
24	Unknown	ShaoZP.IV

Sample Area	Irradiance	Pre sweep delay	Bias Direction	Max Reverse Bias	Max Forward Bias	Num Sweep Points	Dwell Time	Current Limit	PVIV 10A I-AMP	Average	Dark Current	Rshunt V-Lo	Rshunt V-Hi
0.090000	1.0000	1.0000	1	1.2000	-0.2000	100	10	300	0	0	0	-0.6000	-0.1000

Voc V	Isc A	Jsc mA/cm2	Imax A	Vmax V	Pmax mW	Fill Factor	Efficiency	R at Voc	R at Isc	Power W	RShunt ohms	Cell Temp start	Cell Temp end	Exposure	Time	Date
1.07310361	0.00204863	22.76252597	0.00179972	0.90023970	1.62017823	73.6984	18.0020	46.695421	14605.070	0.00201008	NaN	NaN	NaN	9.922	20:07:06	01/30/2021

Vmeas	Imeas
1.20000000	-0.00340541
1.18585000	-0.00305974
1.17170000	-0.00265818
1.15760000	-0.00223239
1.14345000	-0.00182585
1.12930000	-0.00143948
1.11515000	-0.00105165
1.10100000	-0.00066085
1.08685000	-0.00029634
1.07275000	0.00001155
1.05860000	0.00030858
1.04445000	0.00060562
1.03030000	0.00085180
1.01615000	0.00104971
1.00200000	0.00122133
0.98790000	0.00136723
0.97375000	0.00149549
0.95960000	0.00157816
0.94545000	0.00166022
0.93130000	0.00170296
0.91715000	0.00177057
0.90305000	0.00181302
0.88890000	0.00184765
0.87475000	0.00186337
0.86060000	0.00178719
0.84645000	0.00190210
0.83230000	0.00188243
0.81820000	0.00194240
0.80405000	0.00194682
0.78990000	0.00195422
0.77575000	0.00194844
0.76160000	0.00195839
0.74745000	0.00195332
0.73335000	0.00195876
0.71920000	0.00197840
0.70505000	0.00196776
0.69090000	0.00196479
0.67675000	0.00198055
0.66265000	0.00198304
0.64850000	0.00194452
0.63435000	0.00200150
0.62020000	0.00200813
0.60605000	0.00201157
0.59190000	0.00200445
0.57780000	0.00200588
0.56365000	0.00201928
0.54950000	0.00201561
0.53535000	0.00202141
0.52120000	0.00202825
0.50705000	0.00202909
0.49295000	0.00202988
0.47880000	0.00203092
0.46465000	0.00203351
0.45050000	0.00203184
0.43635000	0.00202944
0.42220000	0.00199185
0.40810000	0.00203121
0.39395000	0.00203228
0.37980000	0.00201144
0.36565000	0.00203493
0.35150000	0.00199994
0.33735000	0.00201009
0.32325000	0.00200388
0.30910000	0.00204450
0.29495000	0.00204395
0.28080000	0.00204454
0.26665000	0.00204599
0.25250000	0.00201807
0.23840000	0.00204402
0.22425000	0.00201342
0.21010000	0.00202124
0.19595000	0.00202094
0.18180000	0.00202412
0.16770000	0.00202354
0.15355000	0.00203353
0.13940000	0.00203396
0.12525000	0.00203218
0.11110000	0.00203726
0.09695000	0.00202579
0.08285000	0.00204443
0.06870000	0.00204494
0.05455000	0.00204704
0.04040000	0.00205036
0.02625000	0.00205012
0.01210000	0.00205230
-0.00200000	0.00205420
-0.01615000	0.00205601
-0.03030000	0.00205771
-0.04445000	0.00205993
-0.05860000	0.00205908
-0.07275000	0.00206056
-0.08685000	0.00205812
-0.10100000	0.00205943
-0.11515000	0.00205816
-0.12930000	0.00205451
-0.14345000	0.00205575
-0.15760000	0.00205707
-0.17170000	0.00205732
-0.18585000	0.00205862
-0.20000000	0.00205830
