Device Id	Operator	Recipe
25	Unknown	ShaoZP.IV

Sample Area	Irradiance	Pre sweep delay	Bias Direction	Max Reverse Bias	Max Forward Bias	Num Sweep Points	Dwell Time	Current Limit	PVIV 10A I-AMP	Average	Dark Current	Rshunt V-Lo	Rshunt V-Hi
0.090000	1.0000	1.0000	0	-0.5000	1.5000	100	10	300	0	0	0	-0.6000	-0.1000

Voc V	Isc A	Jsc mA/cm2	Imax A	Vmax V	Pmax mW	Fill Factor	Efficiency	R at Voc	R at Isc	Power W	RShunt ohms	Cell Temp start	Cell Temp end	Exposure	Time	Date
1.05160038	0.00208049	23.11658775	0.00185754	0.87537206	1.62604068	74.3215	18.0671	40.001061	56642.772	0.00201372	NaN	NaN	NaN	9.937	20:37:10	01/21/2021

Vmeas	Imeas
1.50000000	-0.01420392
1.47980000	-0.02248025
1.45960000	-0.02442278
1.43940000	-0.02435160
1.41920000	-0.02356234
1.39900000	-0.02237365
1.37880000	-0.02102229
1.35860000	-0.01948713
1.33840000	-0.01790354
1.31820000	-0.01627796
1.29800000	-0.01463248
1.27780000	-0.01300853
1.25760000	-0.01138986
1.23735000	-0.00978744
1.21715000	-0.00831741
1.19695000	-0.00687949
1.17675000	-0.00555269
1.15655000	-0.00433013
1.13635000	-0.00321505
1.11615000	-0.00223984
1.09595000	-0.00142491
1.07575000	-0.00069406
1.05555000	-0.00009874
1.03535000	0.00040625
1.01515000	0.00080138
0.99495000	0.00111929
0.97475000	0.00134119
0.95455000	0.00150963
0.93435000	0.00164539
0.91415000	0.00174282
0.89395000	0.00180561
0.87375000	0.00186268
0.85355000	0.00189739
0.83335000	0.00192468
0.81315000	0.00194342
0.79295000	0.00195209
0.77275000	0.00197963
0.75250000	0.00198676
0.73230000	0.00199909
0.71210000	0.00200596
0.69190000	0.00201562
0.67170000	0.00202103
0.65150000	0.00202668
0.63130000	0.00203497
0.61110000	0.00204250
0.59090000	0.00205050
0.57070000	0.00205174
0.55050000	0.00205872
0.53030000	0.00206026
0.51010000	0.00206359
0.48990000	0.00206628
0.46970000	0.00206718
0.44950000	0.00206991
0.42930000	0.00207058
0.40910000	0.00207252
0.38890000	0.00207200
0.36870000	0.00207607
0.34850000	0.00207506
0.32830000	0.00207560
0.30810000	0.00207498
0.28790000	0.00207488
0.26770000	0.00207605
0.24745000	0.00207582
0.22725000	0.00207765
0.20705000	0.00207775
0.18685000	0.00207841
0.16665000	0.00207696
0.14645000	0.00207911
0.12625000	0.00207772
0.10605000	0.00207935
0.08585000	0.00207877
0.06565000	0.00207865
0.04545000	0.00207873
0.02525000	0.00207986
0.00505000	0.00208001
-0.01515000	0.00208412
-0.03535000	0.00208033
-0.05555000	0.00207937
-0.07575000	0.00208060
-0.09595000	0.00207989
-0.11615000	0.00208206
-0.13635000	0.00208113
-0.15655000	0.00208444
-0.17675000	0.00208180
-0.19695000	0.00208349
-0.21715000	0.00208534
-0.23735000	0.00208529
-0.25760000	0.00208639
-0.27780000	0.00208632
-0.29800000	0.00208725
-0.31820000	0.00208838
-0.33840000	0.00208948
-0.35860000	0.00209089
-0.37880000	0.00209258
-0.39900000	0.00209592
-0.41920000	0.00210069
-0.43940000	0.00211311
-0.45960000	0.00212787
-0.47980000	0.00215523
-0.50000000	0.00219957
