Device Id	Operator	Recipe
26	Unknown	ShaoZP.IV

Sample Area	Irradiance	Pre sweep delay	Bias Direction	Max Reverse Bias	Max Forward Bias	Num Sweep Points	Dwell Time	Current Limit	PVIV 10A I-AMP	Average	Dark Current	Rshunt V-Lo	Rshunt V-Hi
0.090000	1.0000	1.0000	0	-0.5000	1.5000	100	10	300	0	0	0	-0.6000	-0.1000

Voc V	Isc A	Jsc mA/cm2	Imax A	Vmax V	Pmax mW	Fill Factor	Efficiency	R at Voc	R at Isc	Power W	RShunt ohms	Cell Temp start	Cell Temp end	Exposure	Time	Date
1.07437021	0.00212253	23.58367009	0.00188184	0.89162384	1.67789084	73.5793	18.6432	44.997464	82721.211	0.00209072	NaN	NaN	NaN	9.937	20:37:31	01/31/2021

Vmeas	Imeas
1.50000000	-0.01182825
1.47980000	-0.01495199
1.45960000	-0.01520257
1.43940000	-0.01482354
1.41920000	-0.01418386
1.39900000	-0.01340985
1.37880000	-0.01255351
1.35860000	-0.01165114
1.33840000	-0.01071780
1.31820000	-0.00975817
1.29800000	-0.00880401
1.27780000	-0.00785204
1.25760000	-0.00690897
1.23735000	-0.00598221
1.21715000	-0.00508150
1.19695000	-0.00420906
1.17675000	-0.00337405
1.15655000	-0.00258132
1.13635000	-0.00184086
1.11615000	-0.00115883
1.09595000	-0.00056180
1.07575000	-0.00003066
1.05555000	0.00041825
1.03535000	0.00081508
1.01515000	0.00109522
0.99495000	0.00134322
0.97475000	0.00152690
0.95455000	0.00165865
0.93435000	0.00175636
0.91415000	0.00182469
0.89395000	0.00187696
0.87375000	0.00191480
0.85355000	0.00194516
0.83335000	0.00196728
0.81315000	0.00198694
0.79295000	0.00200094
0.77275000	0.00201360
0.75250000	0.00202591
0.73230000	0.00203517
0.71210000	0.00204703
0.69190000	0.00205314
0.67170000	0.00206242
0.65150000	0.00206799
0.63130000	0.00207504
0.61110000	0.00208328
0.59090000	0.00208862
0.57070000	0.00209436
0.55050000	0.00209855
0.53030000	0.00210386
0.51010000	0.00210390
0.48990000	0.00210884
0.46970000	0.00210875
0.44950000	0.00211328
0.42930000	0.00211384
0.40910000	0.00211456
0.38890000	0.00211663
0.36870000	0.00211551
0.34850000	0.00211728
0.32830000	0.00211572
0.30810000	0.00211866
0.28790000	0.00211874
0.26770000	0.00212224
0.24745000	0.00212055
0.22725000	0.00212197
0.20705000	0.00212137
0.18685000	0.00212055
0.16665000	0.00212025
0.14645000	0.00211858
0.12625000	0.00212053
0.10605000	0.00211956
0.08585000	0.00212014
0.06565000	0.00211996
0.04545000	0.00212082
0.02525000	0.00212222
0.00505000	0.00212147
-0.01515000	0.00212605
-0.03535000	0.00212234
-0.05555000	0.00212285
-0.07575000	0.00212219
-0.09595000	0.00212351
-0.11615000	0.00212230
-0.13635000	0.00212342
-0.15655000	0.00212321
-0.17675000	0.00212508
-0.19695000	0.00212598
-0.21715000	0.00212457
-0.23735000	0.00212583
-0.25760000	0.00212645
-0.27780000	0.00212690
-0.29800000	0.00212602
-0.31820000	0.00212862
-0.33840000	0.00213050
-0.35860000	0.00213276
-0.37880000	0.00213557
-0.39900000	0.00214052
-0.41920000	0.00215234
-0.43940000	0.00216635
-0.45960000	0.00219329
-0.47980000	0.00223128
-0.50000000	0.00229182
