Device Id	Operator	Recipe
27	Unknown	ShaoZP.IV

Sample Area	Irradiance	Pre sweep delay	Bias Direction	Max Reverse Bias	Max Forward Bias	Num Sweep Points	Dwell Time	Current Limit	PVIV 10A I-AMP	Average	Dark Current	Rshunt V-Lo	Rshunt V-Hi
0.090000	1.0000	1.0000	0	-0.5000	1.5000	100	10	300	0	0	0	-0.6000	-0.1000

Voc V	Isc A	Jsc mA/cm2	Imax A	Vmax V	Pmax mW	Fill Factor	Efficiency	R at Voc	R at Isc	Power W	RShunt ohms	Cell Temp start	Cell Temp end	Exposure	Time	Date
1.05703592	0.00214133	23.79260877	0.00189571	0.86995052	1.64917146	72.8604	18.3241	39.097291	201356.953	0.00206962	NaN	NaN	NaN	9.937	20:38:18	01/31/2021

Vmeas	Imeas
1.50000000	-0.01081998
1.47980000	-0.01473246
1.45960000	-0.01545303
1.43940000	-0.01533658
1.41920000	-0.01482887
1.39900000	-0.01417677
1.37880000	-0.01342324
1.35860000	-0.01253881
1.33840000	-0.01161186
1.31820000	-0.01066001
1.29800000	-0.00968241
1.27780000	-0.00873470
1.25760000	-0.00778140
1.23735000	-0.00683641
1.21715000	-0.00589889
1.19695000	-0.00496589
1.17675000	-0.00409028
1.15655000	-0.00325064
1.13635000	-0.00246420
1.11615000	-0.00173385
1.09595000	-0.00105809
1.07575000	-0.00047865
1.05555000	0.00003801
1.03535000	0.00046953
1.01515000	0.00085158
0.99495000	0.00112030
0.97475000	0.00136057
0.95455000	0.00153556
0.93435000	0.00166662
0.91415000	0.00176281
0.89395000	0.00183367
0.87375000	0.00188544
0.85355000	0.00192925
0.83335000	0.00196074
0.81315000	0.00198402
0.79295000	0.00200623
0.77275000	0.00202121
0.75250000	0.00203692
0.73230000	0.00204835
0.71210000	0.00205818
0.69190000	0.00206834
0.67170000	0.00207420
0.65150000	0.00208530
0.63130000	0.00209164
0.61110000	0.00209831
0.59090000	0.00210516
0.57070000	0.00211020
0.55050000	0.00211501
0.53030000	0.00211954
0.51010000	0.00212101
0.48990000	0.00212455
0.46970000	0.00212822
0.44950000	0.00212820
0.42930000	0.00213104
0.40910000	0.00213269
0.38890000	0.00213392
0.36870000	0.00213487
0.34850000	0.00213744
0.32830000	0.00213835
0.30810000	0.00213969
0.28790000	0.00213949
0.26770000	0.00213931
0.24745000	0.00214037
0.22725000	0.00213992
0.20705000	0.00214127
0.18685000	0.00214014
0.16665000	0.00214154
0.14645000	0.00214094
0.12625000	0.00214152
0.10605000	0.00214277
0.08585000	0.00214117
0.06565000	0.00214185
0.04545000	0.00214083
0.02525000	0.00214061
0.00505000	0.00214045
-0.01515000	0.00214176
-0.03535000	0.00214028
-0.05555000	0.00214002
-0.07575000	0.00214108
-0.09595000	0.00214154
-0.11615000	0.00214109
-0.13635000	0.00214097
-0.15655000	0.00214155
-0.17675000	0.00214106
-0.19695000	0.00214225
-0.21715000	0.00214180
-0.23735000	0.00214405
-0.25760000	0.00214284
-0.27780000	0.00214472
-0.29800000	0.00214374
-0.31820000	0.00214678
-0.33840000	0.00214786
-0.35860000	0.00215090
-0.37880000	0.00215510
-0.39900000	0.00216347
-0.41920000	0.00217701
-0.43940000	0.00219733
-0.45960000	0.00222981
-0.47980000	0.00228013
-0.50000000	0.00235561
